((("post" .
   [1 0 0 0])
  ("return" .
   [2 0 0 0 0 0])
  ("else" .
   [2 0 0 0])
  ("MAX_COUNT" .
   [2 0 0 0 0 0 0 0 0])
  ("min" .
   [1 0 0])
  ("int" .
   [1 0 0])
  ("None" .
   [1 0 0 0])
  ("is" .
   [1 0])
  ("count" .
   [7 0 0 0 0])
  ("if" .
   [1 0])
  ("qs" .
   [4 0])
  ("not" .
   [2 0 0])
  ("do" .
   [1 0])
  ("user_list" .
   [1 0 0 0 0 0 0 0 0])
  ("me" .
   [1 0])
  ("class" .
   [1 0 0 0 0])
  ("from" .
   [1 0 0 0])
  ("haystack" .
   [1 0 0 0 0 0 0 0])
  ("forms" .
   [1 0 0 0 0])
  ("import" .
   [1 0 0 0 0 0])
  ("ModelSearchForm" .
   [0 0 0 0 0 0 0 0 1 0 0 0 0 0 0])
  ("def" .
   [1 0 0])
  ("search" .
   [1 0 0 0 0 0])
  ("self" .
   [2 0 0 0])
  ("kwargs" .
   [2 0 0 0 0 0])
  ("field" .
   [1 0 0 0 0])
  ("AutoQuery" .
   [1 0 0 0 0 0 0 0 0])
  ("cleaned_data" .
   [1 0 0 0 0 0 0 0 0 0 0 0])
  ("filter" .
   [2 0 0 0 0 0])
  ("sql" .
   [1 0 0])
  ("query_string" .
   [1 0 0 0 0 0 0 0 0 0 0 0])
  ("page" .
   [1 0 0 0])))
